371350
0 112
112 2144
2144 1208
1208 1373
1612 341
1373 2241
2241 1369
1612 1897
1897 542
1369 298
298 1973
578 2540
542 135
578 2260
2260 2546
2546 1669
1669 1038
2308 2487
1038 1597
1597 229
2487 2035
1038 2458
2458 1960
1960 1691
1691 2865
2865 670
670 1543
2865 2607
2865 2467
2722 770
1621 694
2200 2642
2642 2209
770 352
1339 567
567 1192
2179 1675
768 2469
2469 51
1621 217
570 647
2209 1626
647 2922
800 55
55 981
768 122
122 2163
1413 277
277 1535
122 1771
2910 1486
277 643
1413 2736
1459 2502
2502 690
1486 2304
2304 854
854 2225
217 2679
189 2786
2786 691
691 2302
973 1680
973 11
11 1492
2786 1287
690 2821
694 2536
2536 945
945 1844
854 2454
2105 1188
1188 155
1969 2876
2876 1005
1005 2433
2224 1108
11 1145
1145 1093
1601 2312
2312 1940
2433 870
217 1701
1701 2706
1740 338
2679 1677
1339 510
510 475
475 1813
1813 925
475 2245
1621 1395
217 2115
2115 683
683 2138
2138 2466
2878 890
476 1476
2113 2723
2466 79
2951 2306
2306 2524
1903 2576
2717 2004
1301 2602
2113 618
777 1396
1396 719
1431 730
2701 1186
2478 2534
79 2208
890 2018
1186 745
745 1243
2878 480
2085 1937
1937 886
1396 1952
2651 1149
422 2327
1301 935
935 2181
2181 2622
2622 1348
1348 134
777 818
818 487
487 2453
2453 2247
2984 2836
890 2778
2778 2609
2778 871
2778 265
2396 2386
292 1781
1781 1364
2396 462
1617 1094
1094 1687
2719 2000
292 128
128 1653
1653 2856
292 2887
2000 1115
149 2704
265 358
358 1582
314 640
2145 2249
2249 2721
2721 2655
2249 2111
640 473
2704 1022
1022 1589
1984 170
1589 2462
1589 2183
2183 1700
2704 2621
2621 912
1219 1787
1787 2516
358 860
730 1043
1952 1024
1024 56
56 2093
1382 1487
2093 1010
1010 2343
2655 1347
2836 2270
2270 1607
1607 698
1219 2187
2495 699
699 2506
1984 2713
1188 948
948 1668
948 811
2878 1673
1673 2595
2910 1746
1395 2517
2517 637
1431 2054
2054 2579
427 1045
555 990
990 1595
1045 86
86 1312
86 2029
978 568
990 2219
2348 98
98 2404
618 275
393 1930
1930 187
1382 124
124 1460
1601 2349
2349 302
302 2568
2736 2731
2731 1117
1117 74
1431 2370
2370 1031
2370 2563
1133 1255
1133 815
1842 344
1338 1987
1962 2708
1763 1048
1766 877
877 563
1763 2483
1542 2337
1763 1580
2583 2151
1580 1004
1004 2397
2480 771
771 2981
1542 1273
2337 2958
2958 2832
1242 2688
2688 2808
1242 485
2981 2063
2063 1143
2981 174
1143 708
1043 1344
1301 2898
2898 875
875 2943
1447 2866
1984 199
2688 747
1243 2635
2635 1310
393 1185
2348 175
2219 1363
1363 1028
1028 125
125 1965
1965 1148
1965 540
1148 1716
1842 278
2224 2107
2107 369
2719 2321
2111 96
187 1321
1321 2391
1321 2127
2127 1807
1987 2426
2426 326
326 1901
2426 2110
2685 1238
1238 1467
1467 2014
2245 2988
2988 848
848 627
848 1072
2163 1013
2652 787
1166 2395
2652 2269
2395 1855
1855 1923
1166 1631
1631 879
1923 2350
1193 2012
1193 2494
2494 2891
2350 2608
2608 1307
2399 2194
938 2238
1193 1197
1197 2374
2374 2232
186 721
2395 347
1893 463
463 80
2194 2750
347 2954
1893 2376
2954 2733
2733 85
970 2982
2982 1393
1393 713
6 1160
1160 2023
2842 2069
1200 712
2651 377
377 1685
698 2318
2318 1178
2777 2445
2445 1305
1305 1767
912 1409
1670 528
874 2125
2125 1714
1714 1883
1883 900
1714 2389
2389 798
2454 183
183 2926
2926 282
282 408
476 453
453 682
1983 1151
1151 784
1151 1655
784 2696
1307 1165
1165 1224
1224 1174
1174 223
1224 1737
57 43
43 2917
275 1665
1665 2310
2310 2464
2464 2390
1717 2993
1504 658
658 2201
2201 2939
1504 2281
2281 1811
1811 2626
2626 2320
2320 2363
874 1360
1983 1009
1009 2661
1459 1231
2404 1688
1688 2329
1219 1189
2318 2098
2098 1817
1817 2408
533 1754
1365 2573
533 2436
1625 356
2361 824
824 2157
252 2673
2956 553
553 1026
2956 1213
2854 2806
2854 1943
1169 2999
2526 1322
824 404
2789 3
2740 177
167 1316
167 2578
177 2942
2942 1587
2791 2186
2186 425
2186 560
535 1555
560 2670
1625 306
306 2182
306 2979
306 15
942 2492
2429 41
252 103
103 1199
1199 179
179 266
266 284
2526 1577
1577 661
2573 489
236 2256
2740 911
489 2698
1332 1285
1332 2658
794 1873
1873 2548
794 994
2007 1187
1739 411
2542 1090
411 2332
2332 1163
1090 1003
1003 1637
2834 2527
2681 1902
1902 310
310 1349
310 2488
1902 2969
2969 2314
2488 2449
2969 1667
1187 503
2673 1704
1316 1990
489 2010
1777 1636
1636 2771
831 2334
527 263
1786 1434
263 2666
1434 788
788 1412
2334 1171
1171 505
505 2505
2474 1011
1011 2313
1786 2895
1412 668
668 1674
668 2045
2045 1366
2505 2205
2573 2455
3 1139
687 384
15 2286
41 2694
942 319
319 795
795 692
692 1914
2347 2514
3 2641
2059 2549
2549 642
1090 2900
1587 1497
1187 1211
1211 1418
1418 1354
2441 160
1870 420
420 2305
2305 2645
1636 1078
404 2161
2161 776
553 2120
2120 960
1914 502
911 1216
1216 242
242 738
1692 1745
1745 1477
1477 1462
1462 2558
2558 2880
2880 82
2558 1796
2505 1886
592 954
1886 2096
2829 1296
954 756
1418 941
2492 1933
1933 269
1933 1044
1044 1831
2542 272
726 2477
2477 457
1546 2512
457 305
305 790
1113 401
2398 1464
2398 182
182 202
2398 2732
2512 2852
2852 2810
401 531
531 235
235 1699
533 470
470 354
1322 1152
2313 1710
1710 1410
961 1947
961 256
256 1563
2527 1726
1726 951
951 2005
2005 2354
2354 1007
2354 2686
2686 1829
2504 574
574 2530
2530 1060
2530 1995
1995 2933
2933 805
2933 2300
2810 1634
1634 111
111 2301
1634 417
417 460
1555 2543
1296 609
1145 1141
2615 2072
2072 394
394 2948
1141 1046
1046 1385
1385 1643
1643 1848
1848 1851
1851 913
1046 2368
2368 509
509 2031
2948 12
12 1729
1143 2712
2712 150
150 1815
1685 205
205 2206
2206 1818
205 2228
1200 1534
2343 1945
1945 1686
1273 1049
1192 198
2876 2160
2713 2938
2938 1170
1170 99
1460 2346
2346 2545
2545 1826
344 833
833 1638
1638 1270
1270 2065
2065 1731
186 2195
2195 381
2201 888
2838 2411
2411 423
1990 1266
1266 2633
1770 762
762 2581
2908 2825
2825 2574
787 2212
2212 2009
1009 2983
2347 953
953 42
42 764
764 1795
99 349
349 2628
1423 2124
2302 1819
1863 444
2122 2663
527 2259
2259 1226
2259 2814
2814 1733
2814 2623
1047 1907
1907 1235
1907 1622
592 931
631 1479
931 851
931 2697
2697 2889
2707 2675
2675 907
907 450
450 2718
2718 1828
1828 370
2535 1123
1123 2215
2215 281
1123 368
2495 657
657 2366
2731 109
109 1098
1344 1867
1072 1635
2645 2309
2309 1176
1669 2796
2796 797
2308 178
2224 1068
1068 1644
480 1469
278 2682
2670 49
2120 1384
1384 486
486 54
54 188
188 2914
188 1866
1866 33
54 1088
1088 739
578 1835
935 64
627 1898
1898 1392
1392 1682
1682 1325
1682 2075
2075 677
677 52
1392 2734
2734 508
1497 2716
2716 937
502 1528
1528 180
180 2627
2627 868
868 1748
1748 1315
1686 496
496 696
2179 1132
2495 1118
485 2325
2325 2015
2015 132
132 400
2015 1757
1757 1942
1942 1378
1378 934
1757 2262
158 1790
2678 1397
1397 1288
158 701
701 628
628 1806
2399 2287
2162 1248
2162 1860
1860 2277
1860 1099
1099 201
201 2013
2013 1154
2013 2298
2298 2484
1248 767
2298 2944
1154 1891
2944 2359
2842 2518
160 630
630 1020
1479 40
2535 608
608 270
270 1998
1063 429
1063 2934
270 4
1998 1124
270 17
17 667
429 1645
17 725
1645 2950
2950 2486
2486 151
151 1993
429 1523
1523 432
1523 2919
2919 1784
2919 2373
2373 2274
1355 44
44 2236
2274 1712
2236 2883
2883 2541
51 2168
648 152
152 1574
1574 2248
2248 2130
2130 2885
2248 2417
1560 1975
1975 967
967 1808
2417 120
120 482
482 1471
967 26
2318 1917
1917 584
1917 2831
82 704
1020 1846
1560 1233
1233 1678
1233 665
1193 1018
2194 2057
2057 918
918 989
687 361
361 325
325 389
1097 1938
1938 262
739 819
989 442
442 2550
1393 208
150 2986
2986 114
114 2074
2065 249
249 1254
1254 1436
1436 714
1130 360
360 2050
1130 1864
1864 2606
1864 406
406 2903
1622 2650
1806 2839
2839 300
300 1869
96 1261
1261 164
1365 2594
1943 532
1667 623
623 650
1636 1606
2682 1075
714 2572
341 2990
1347 1502
1502 936
1255 927
937 2158
767 792
557 1061
1061 32
1842 1352
1352 1718
1718 1023
1737 1581
1581 1861
525 36
36 1454
1581 1491
1818 2920
2920 2780
2780 2544
2544 2590
2590 1472
2544 1223
1223 598
2590 1195
2736 1180
1180 2067
2067 1932
1932 2872
2872 621
621 8
1958 1414
1414 434
434 702
434 2597
2597 1329
702 2331
2331 1237
1237 1584
1584 1371
1237 1091
1091 355
206 760
760 742
742 2133
760 1438
1438 1760
74 1222
1222 876
876 2648
2648 2470
2238 2170
2170 2687
525 884
884 1341
1341 634
1341 1122
1122 1978
1025 1426
499 168
168 1967
1967 601
1426 2011
2011 2282
1978 1337
58 709
2282 2828
1359 922
1359 1888
1888 1522
2828 1558
1558 1033
1522 129
1337 1906
791 1664
1664 1515
1906 471
471 227
227 2743
2743 1087
471 2992
499 301
129 1390
1390 95
1916 534
534 817
1087 2565
422 2089
2576 2794
1668 641
641 2129
2129 1391
1391 350
2129 1839
1900 732
732 2755
1704 378
378 2720
2720 65
65 1780
1780 1512
2010 1095
1095 2659
2005 1859
1859 1736
1736 59
59 1334
1859 1988
1826 1448
1448 449
449 891
891 969
891 2049
969 2691
2691 1330
1795 2727
2727 365
365 1345
696 283
1243 72
72 2962
2962 35
35 2444
314 2551
2551 1708
874 500
500 689
689 2099
2186 73
73 1689
1132 396
396 733
733 1696
733 140
140 90
90 2365
2262 680
680 273
2032 2472
273 2803
513 2328
753 2191
2328 2251
1524 439
1524 1400
2328 2580
439 2481
2481 1294
1524 806
2803 2055
2191 1997
1997 410
1997 323
2738 1037
1578 1941
2032 1309
2803 1304
513 2026
2191 382
1941 1538
1538 1168
2114 1032
1440 1320
1320 2339
1320 418
418 241
241 1702
1702 1509
1509 2372
2372 1290
119 2899
1168 141
141 946
119 2135
2135 1660
1660 2295
2295 280
280 1167
1168 101
101 1715
101 2582
1715 403
2202 1591
403 652
652 2239
1591 943
943 564
564 2584
2584 62
1181 234
234 1812
1812 13
2653 1411
2372 1661
1661 157
157 2737
2472 2970
2970 491
2970 2233
2970 2070
2233 514
514 1911
514 1924
1924 250
1924 127
250 322
234 268
1702 430
1790 1875
2099 2288
2899 2362
135 2604
2604 1953
765 70
70 1536
1150 1190
2707 2991
2991 1506
2534 616
616 663
663 1136
264 2364
1959 1926
1458 2566
1458 606
606 679
679 193
193 2998
2998 1541
264 131
131 864
864 2703
864 1698
1642 1676
1676 2735
2735 624
102 2303
624 2451
1642 415
1676 2886
2271 1761
2271 107
1698 1000
1000 2996
2886 867
2996 2994
2994 123
2451 1214
864 24
24 130
130 1788
1788 2040
2040 2824
24 561
24 2094
1761 1021
1021 1343
1700 1103
1103 2155
1815 2894
2990 1540
58 2935
2502 1318
422 1282
1282 2475
2475 2798
2798 1379
1379 346
346 1912
2764 2352
2352 919
919 645
1912 428
278 2953
368 363
363 2515
2515 904
35 1183
1183 1314
1314 1880
199 2815
2815 2169
1199 992
992 1017
423 2715
1309 1258
2524 2841
811 2204
2204 267
2204 2221
2221 1618
41 215
2983 2431
2431 412
2431 1802
1802 2452
2452 2819
798 21
551 2869
2869 2041
2041 2835
21 861
2869 171
551 1732
1732 2989
1732 653
1794 1455
1794 115
115 2729
2729 1135
1455 207
2895 1810
1810 1263
256 743
743 1333
1333 2774
2774 1331
1331 2214
49 1603
1018 1798
1798 2498
2498 276
1538 2166
320 2220
2220 1481
2166 76
320 25
25 1206
25 409
409 92
76 2667
1206 1507
1507 964
964 1435
1507 184
870 2952
2952 1127
1127 971
1127 1361
2534 1394
2384 2463
2463 778
251 1949
1394 1545
2968 497
1991 1986
251 1576
497 2078
778 2017
497 1012
1012 1357
1012 1832
778 2860
2860 398
1576 2358
2358 622
622 1895
1895 1658
1895 437
1949 1890
886 1972
2122 89
1185 2126
2126 5
2126 309
309 614
309 1142
246 522
458 2787
2787 145
145 2845
2436 2647
2647 387
1122 271
89 1956
1956 2471
1956 629
629 1980
1980 674
674 2062
674 436
2062 636
1937 723
1315 2106
2968 2868
2685 850
1716 1204
1204 1126
1126 844
2581 785
785 1376
1376 465
465 66
52 737
737 539
1628 924
924 392
392 625
625 2689
1628 2198
2198 2611
625 511
539 97
271 1159
2164 1703
1703 2037
2164 799
1159 1862
2726 1134
726 2511
2618 2307
2732 2884
1953 2246
2246 1372
1372 2493
2493 243
1526 146
1526 2864
146 226
146 2924
2924 2871
243 1210
829 2257
1210 91
91 2188
2188 1416
1416 47
47 892
1727 2002
2002 2116
1571 963
963 290
2116 2637
2553 1065
1065 2554
1065 285
2554 1036
590 917
290 2656
2656 2677
917 1014
892 1833
245 1735
1735 1570
1570 1475
1475 803
1727 2499
91 1328
2677 386
2257 2739
2739 297
844 1705
1705 2709
963 1374
386 18
1969 1694
1694 852
852 94
852 866
463 1516
263 611
2712 274
274 1271
1337 2882
2882 626
2882 1604
1741 373
1742 2102
1742 962
1741 761
761 2972
1604 1632
1632 2600
1741 1977
962 1964
2600 2258
761 490
18 1909
1909 728
2258 524
2595 1019
1019 1172
1019 2103
1019 1752
1752 1232
1232 209
209 1433
209 2218
2218 1096
1096 1966
1966 2053
1096 2422
2422 1342
1342 2805
1405 2630
2630 2728
2072 1052
2572 2816
2755 1919
1919 1496
1496 842
62 883
883 1683
1683 655
655 750
750 1982
1683 1822
2303 2570
2570 2080
2080 2020
2020 2207
2207 2405
2637 1927
2068 1968
2068 995
995 329
329 1505
1505 83
83 1565
1565 1228
1228 2185
1505 196
1927 1778
329 1236
966 1979
966 865
2185 1624
1844 991
510 1823
1823 2402
2415 1961
1961 1006
1823 571
571 2293
2293 478
478 2591
2591 646
2629 1162
646 1872
2887 1671
1671 1935
1935 1830
1830 2533
2533 2003
2003 2936
2628 1838
1838 617
1838 1572
1572 982
1537 1508
1508 758
758 2333
2333 763
763 903
2984 882
882 2330
2330 71
71 2930
2930 2913
1219 1370
1370 1925
1370 353
1925 2142
2214 2147
1949 1585
2930 385
385 2519
2519 988
988 1245
1245 1720
2519 203
1720 1765
1765 2326
631 2843
1998 1311
1404 736
1311 947
736 1470
1371 1615
1615 19
19 2097
2097 1804
1804 2714
2714 1728
1728 729
729 1588
1588 1291
2097 2263
2263 2064
1588 793
793 2117
2117 1203
1203 660
660 1053
793 1600
1053 2450
1939 2564
1939 468
468 2401
1198 2316
2450 873
63 2324
2316 2100
295 710
2100 296
873 2927
2927 2877
2927 933
933 2916
2916 766
2557 1251
2557 2801
1709 893
893 446
446 2631
1140 836
1845 928
1845 1992
1992 2923
2801 1313
928 832
2631 1074
1074 1722
1722 1080
1080 2230
1251 248
248 231
1313 1244
2916 2
2 2140
2 727
2295 1217
1541 577
577 987
577 2752
2752 2056
2747 2837
2056 2132
1021 1989
1989 2775
1632 724
2142 2862
2862 604
604 1889
2862 1764
1764 1079
1079 2756
2756 2229
2756 2915
2915 2073
2073 69
69 2088
2012 1327
1327 2034
1044 357
357 27
27 366
148 435
435 335
268 181
181 896
896 956
956 1825
1825 2231
2231 845
181 2710
896 173
845 474
173 2671
173 2684
474 2957
2957 2461
2461 909
861 1836
2071 2644
2644 308
308 20
1694 1191
1683 2693
2693 2027
2027 781
2027 31
31 821
821 2447
2027 1928
179 1583
1583 2087
1167 2640
1959 1690
1690 2046
2046 517
1343 1137
1540 881
2088 1551
2866 2699
2699 1421
2699 2152
2152 644
900 2473
2473 1194
2626 2692
301 986
645 1750
2452 1629
1629 331
94 2724
1145 2227
749 596
596 2840
783 1963
2840 30
1082 2906
2906 2781
596 1380
2781 10
10 2289
2289 2141
2141 1776
1776 2213
2213 60
1332 1773
198 212
212 1654
1654 1121
2718 2047
2047 586
586 1744
2738 1514
1514 1319
1319 2131
1319 413
407 1593
407 105
105 2285
407 1225
413 1579
1579 345
2709 1723
2111 1868
1868 1899
1488 1432
52 1184
1184 78
1618 1218
674 1652
571 889
889 2292
970 2636
1106 2769
2769 2918
388 810
792 1548
1548 293
293 1239
2843 1996
1996 2265
2265 1529
314 2833
2449 1050
1050 2021
503 117
117 706
117 2759
400 1503
1023 587
428 233
233 2955
2955 619
619 905
2708 2567
2567 1069
2567 1207
1181 2393
2393 1269
2003 1799
1799 507
507 2569
1899 589
174 2042
2566 2624
2624 751
751 1684
1684 2174
590 2413
557 744
744 2421
2421 1904
1904 975
975 901
975 2753
2753 1179
2753 607
2084 2616
2965 2873
2873 390
390 1596
1596 2101
2101 2149
2149 857
2616 526
857 569
569 1040
1040 878
2084 2575
2575 1599
2575 2547
2547 1843
1843 759
759 2275
1179 1249
1249 2587
2587 649
2224 1613
155 2532
2017 536
857 147
147 620
777 2322
1169 2562
2562 260
260 224
934 2782
2782 2802
2191 2148
133 1058
1058 154
154 1138
1138 2171
1138 2683
2683 1562
2683 980
980 2442
980 2234
154 1280
2862 1350
2671 2268
2200 2123
2123 1561
1561 1064
80 2434
2434 558
558 1015
1015 2612
2612 28
1693 976
976 118
667 239
239 1076
1076 2335
2541 1905
1905 29
29 2625
2625 2773
2773 2779
2270 2674
2674 566
1962 2090
1454 1443
1443 1981
471 1323
1323 2941
2941 1619
1619 1406
2941 1128
1128 375
375 1633
1406 339
339 2521
307 1057
2631 2745
2745 219
2322 2061
2061 1451
805 1887
1887 2315
1424 1501
1501 1308
2315 228
1120 1300
1424 979
1300 2800
2691 1086
1086 1840
1840 2043
2043 1129
1129 1547
883 583
617 321
321 2751
2616 67
67 754
754 1449
1449 1324
1324 2291
2291 2423
2291 2491
1488 1257
1257 1755
1755 2143
2838 2409
2409 121
2732 554
285 1809
2042 1657
1657 1268
1268 2128
2128 703
703 1427
1427 126
126 104
126 2859
703 238
2128 1112
1112 1820
1820 1530
2859 1444
1444 1821
1451 247
247 1153
2301 1627
861 828
828 144
144 192
192 2146
2146 200
200 1544
1544 501
200 1489
192 544
544 2826
1489 595
595 847
847 1639
2473 332
332 2510
2510 1034
1034 843
843 880
880 2614
2614 755
2614 1446
1446 2668
2668 1850
716 840
840 1929
1929 1085
473 1852
1355 1158
1158 2741
1536 2489
1333 2799
2799 214
214 311
311 957
587 662
1929 1030
1459 932
932 669
669 447
447 2311
369 2033
433 2379
2033 556
2033 448
433 218
556 720
218 2785
2785 2851
2366 1253
1253 1782
1782 2552
180 735
2934 172
172 2008
32 902
902 1484
1435 1008
1008 1377
1134 579
2567 2809
2809 1876
1876 495
495 2156
2156 1814
1814 2901
2901 2264
2264 1853
118 2559
1125 166
1104 1950
1104 814
1950 61
61 774
774 1109
1109 1879
215 1201
982 1272
1272 2108
2108 1650
1650 984
1650 2267
2071 163
163 2211
1928 2586
2636 2266
2649 2905
2905 1110
528 1976
1976 615
1976 2317
2317 2244
2244 2757
1106 2025
999 1419
1419 2406
1025 518
251 863
2864 1598
2103 2086
147 2522
2522 2340
2340 318
2522 1590
720 405
405 1402
2726 1641
618 1107
1043 1408
1408 2177
875 1762
1762 1556
1666 1457
1556 1131
1457 2172
54 159
159 2418
2418 2351
547 2807
2807 1640
1689 597
597 915
1470 2416
1804 333
2506 2660
2660 483
483 1284
940 869
869 2513
2513 632
119 1336
1336 161
1379 2528
850 1792
1792 14
14 2297
2297 2695
97 1256
285 2278
2244 1240
1240 402
402 374
1131 2577
2934 2082
2082 651
651 2039
2039 2414
651 367
367 968
2168 419
419 1428
1360 2250
888 548
2550 2022
2022 1483
1483 1340
904 1999
19 106
1853 1774
1774 2367
2367 1896
2777 599
599 1646
1646 1463
1646 1797
1797 2921
1463 1805
2852 2634
2634 1569
937 2437
2437 1246
1329 1791
1791 1229
1229 2725
2725 255
255 659
659 240
659 351
351 1177
1177 1265
1265 46
2725 142
142 672
672 1212
46 1920
35 77
835 605
605 1267
66 1227
1836 952
1613 2175
2464 2662
2662 2377
2662 2121
2121 2217
2217 2261
2261 2044
2044 414
414 100
100 327
327 2890
2044 2190
2190 2555
356 1295
1295 2280
1674 2711
2885 820
820 757
1162 1931
1931 1510
554 1335
1335 2240
1598 2620
1483 2083
2083 1465
1465 23
2083 162
344 920
920 456
456 2403
920 804
2403 87
87 1800
1800 494
1436 1289
1289 2855
2855 1430
547 440
1304 827
827 139
139 1241
827 1592
1592 1067
139 2222
2222 1721
1721 2596
2203 772
772 1559
2222 1734
1734 2356
2356 1749
772 1803
1803 312
312 391
1241 2199
2586 1417
2004 600
600 1663
1663 1756
1663 253
1756 1293
1293 1724
253 1725
1724 786
786 2897
786 1695
1695 1824
1253 2456
2456 899
899 1420
1420 796
2609 2424
2424 825
825 459
459 156
156 895
895 232
232 2196
2196 545
545 812
812 2355
812 22
811 610
610 315
315 2016
160 1401
1401 2341
2341 1437
1437 1278
1362 2978
2978 2702
2702 1647
1647 1220
1220 2465
2465 1575
1575 1387
1387 1882
2978 1297
1297 2585
2663 1468
1468 337
2828 2419
2419 2497
2497 1490
1490 693
693 838
838 1513
838 1070
693 1066
1066 53
53 1389
1070 1173
1173 552
552 1039
1039 1259
1259 2598
2598 1356
1173 1441
1441 550
550 343
343 1281
343 538
538 2165
2165 2139
2165 1101
2139 2242
538 230
230 2237
2237 259
2237 421
421 2932
2932 2929
421 1442
259 2180
2180 1918
1918 2296
2180 1768
1768 2066
2296 575
575 2176
575 1662
1662 972
2929 210
210 1077
1077 222
1441 1274
234 1247
2286 705
705 746
746 1620
941 1071
1829 1567
1567 2879
2879 916
916 2448
365 1521
1521 523
2239 197
197 1500
1191 2850
2850 2338
1064 1789
554 2091
2091 2975
2091 1054
2035 718
718 529
529 2394
2394 1302
1302 1948
1948 1260
275 1849
999 1303
927 2323
2323 1439
245 839
839 593
593 1215
163 1719
1719 204
605 977
206 2795
425 461
461 826
826 328
1479 397
5 1351
1351 1566
1351 1539
1539 1161
1110 1707
0 2571
2571 582
2571 1841
1360 1511
272 2964
2964 1785
1785 906
1440 1002
1134 225
172 2812
2812 591
591 1146
591 1934
236 1711
819 2987
2987 822
822 1970
1970 2153
2153 2639
867 1550
1550 2947
1424 519
519 84
84 45
599 2006
1931 237
237 2797
2183 1753
1753 846
846 492
846 2446
2446 944
944 930
930 2283
2283 2500
960 2997
2997 581
581 929
929 1568
2997 2931
2931 2672
1992 2485
541 2976
2821 2966
2723 2863
2708 2235
2232 1055
1055 1816
1816 2538
2538 194
2538 136
1331 1478
1478 1498
1498 257
2267 1779
2283 2420
2420 2945
284 2378
2378 336
667 573
2413 2457
2457 2912
2912 1415
974 2392
974 2342
2342 2980
1415 748
748 2730
748 2985
2380 1353
1353 775
1353 2531
2531 2592
2592 2407
2827 2496
2380 399
1630 2030
2030 2844
2030 537
537 2438
1015 1453
1120 1946
1946 921
638 2048
707 1549
638 543
2788 1209
1209 594
1946 2136
735 1974
2416 2184
2184 1059
1059 2052
333 2432
2564 2973
2833 2762
2762 2137
2137 2134
2134 2817
2134 515
2817 2387
2387 2589
2589 1783
2387 2167
2167 926
926 2490
2278 853
853 2909
853 2849
2849 849
849 823
823 2081
2081 2036
2036 1856
2081 1422
1422 602
1856 451
451 466
466 2928
2928 488
2556 985
1689 1116
1116 1847
1116 110
1847 2813
829 2593
2593 348
814 2971
2971 1878
1878 2603
2603 1407
2603 359
359 165
359 2197
2197 2336
2336 81
81 639
639 1277
1277 809
639 949
165 2272
2272 2375
1648 2192
2192 684
1648 1234
1234 176
2192 580
580 2430
949 2967
839 2847
347 1994
1994 213
1994 1102
1102 1202
1202 1452
1583 741
1500 1283
1283 1520
1283 299
157 1672
1672 1286
1286 1865
1865 258
258 2654
258 371
371 2904
1545 2076
2076 1957
1957 675
1723 1499
1499 2848
2848 2818
1499 1877
1877 1759
1324 1738
1626 2613
166 1425
114 287
2440 2468
208 1292
1292 1367
1367 2823
1367 2754
2754 2911
2911 467
467 1649
1649 498
360 2867
2867 2154
2154 2664
2664 1910
1910 1299
1299 1144
1144 1041
806 2435
2435 1713
1713 2767
2767 138
138 2765
2767 2383
2383 1769
2765 549
549 477
477 2902
2800 261
261 2793
1710 1921
1921 2539
2507 1611
1795 1922
1922 2360
2360 2253
616 2907
2907 289
289 1616
1616 939
1616 455
2220 469
469 965
965 1881
469 376
376 2344
2344 1874
1874 2252
2252 1659
1659 2632
2632 2412
2332 1221
2641 1084
2285 855
2275 1155
2066 2520
721 1474
1474 1051
1051 562
562 898
898 2857
2857 2768
2768 2846
354 286
1889 2665
2665 2937
212 1326
1326 2243
2243 958
958 364
364 2223
2223 185
958 2560
2560 1252
1252 1062
1062 2255
224 1936
1936 516
516 635
635 2601
123 1147
1147 2509
955 1480
1480 1482
1482 681
681 1027
328 1892
1892 2657
831 1871
2484 885
885 2619
2619 481
481 324
1056 559
559 2038
843 996
996 521
996 479
479 2369
2369 195
195 773
773 697
773 2276
2276 715
195 664
664 116
697 1001
1001 464
464 2060
464 9
2060 216
715 2949
2813 2092
2092 1681
476 2561
2741 1403
1403 588
588 2772
1220 2443
2443 731
675 1016
2574 254
254 802
2131 1837
1837 169
672 1346
185 1954
647 88
2623 671
671 2870
2870 2874
2870 2382
2382 2748
2748 2669
2669 837
2471 1857
1857 872
1040 1532
1532 1035
1532 1358
1035 2638
2638 1751
1751 39
39 2960
2960 1485
2030 752
1699 678
1345 711
1508 137
137 1029
1029 1908
137 603
1603 910
910 834
834 330
330 2178
2178 1533
2499 1450
2423 2861
2861 2210
2861 2537
2342 686
1619 2783
2783 2893
2851 2763
2763 2758
1289 2410
2410 2995
2995 1279
1279 1466
1466 2959
2959 75
1970 288
288 2508
2508 1399
1399 2892
2892 2109
1954 452
2147 2820
1551 395
395 1775
2808 572
85 1157
2078 695
695 1081
1081 2482
1081 1494
1494 1527
1527 1885
2240 1196
1196 372
197 779
2375 2605
2605 2822
1624 2946
203 1564
901 2761
2820 2599
2599 484
484 342
342 1398
2605 279
2908 2104
2104 1119
1119 950
2104 2118
2118 1610
776 2961
2001 294
294 1456
295 1519
1519 68
68 2077
2077 1461
1461 2428
1722 633
1530 93
93 2617
2617 998
2323 807
272 2766
2550 445
2901 113
113 673
673 1801
113 700
2345 1493
1493 2643
2643 1553
1493 1205
1006 2963
2963 16
1627 2680
1491 313
313 688
1641 813
813 1230
1672 1276
1276 37
886 993
993 1608
2279 2760
106 1164
318 2019
2019 908
908 1100
1119 1445
2376 2790
983 2770
2770 2460
2460 1772
1772 1092
1092 380
2236 887
1411 504
504 1651
1651 2784
1328 2676
219 2189
986 2290
2290 789
789 856
856 2746
2746 1793
1793 612
612 1175
1175 1111
1111 153
153 2371
2371 334
334 585
585 191
191 379
30 1985
1985 1073
1294 666
666 2273
666 2381
2381 1614
1614 1042
2353 1317
1016 2479
2479 676
1472 1105
1105 1525
791 1375
2747 2459
592 2858
1548 2792
2792 2749
2265 1747
1713 2028
2028 2112
2112 722
2645 1089
1801 654
354 1697
2367 416
1402 2024
600 1368
1368 506
2159 740
740 576
506 2888
2159 1656
1035 1594
395 1944
170 2977
2977 2173
621 2875
391 2646
2646 1083
1083 1264
1264 38
38 997
38 2974
2205 2705
2705 1915
1915 2529
2529 1894
1894 1827
2585 2503
2888 862
535 656
1537 734
734 493
493 816
758 2881
2881 2523
2523 2357
2357 2804
2804 1262
825 340
2788 2400
2400 1758
1758 2388
1758 2940
1041 291
291 1156
291 1557
1655 1388
16 1609
1609 454
1572 2742
2742 1605
2392 1854
1854 2058
710 7
7 2700
2700 1955
2700 1386
1386 897
897 2284
2284 34
34 530
897 1
1 2095
1 48
48 1495
48 438
438 1381
438 108
1215 2051
2051 383
383 220
2285 2254
2254 1679
2759 2776
1739 362
362 2299
366 1554
974 520
520 1586
1586 2079
2058 211
211 2319
2319 2896
2896 1114
1114 613
613 221
1298 2226
1880 1913
1913 317
317 2439
2439 769
769 431
431 2830
2830 2476
1190 190
190 1306
1425 1743
1743 1834
1834 1429
1743 2744
869 1971
1971 304
2223 2216
2058 1531
1531 1383
1383 1573
1573 685
685 894
221 512
512 2150
2150 1858
1888 859
859 441
441 717
717 1706
1706 923
1608 244
244 1552
1870 830
830 426
830 424
424 1275
426 782
782 2425
2425 1951
2762 801
