3000
2907 7536
9231 567
6434 5656
9424 8422
3974 6829
9136 7330
4604 811
9516 505
9982 2257
1804 7187
6654 5650
4505 6568
4503 9161
2346 962
8324 2628
3865 2309
164 4174
3955 6598
908 3378
6098 4883
1285 5233
3291 6968
6045 3885
7473 7105
7221 9278
4291 3874
6006 9875
441 1587
9035 2787
2550 7358
5416 7494
745 6659
1668 4701
4335 2576
9158 432
8538 443
6744 1828
7411 2788
5713 5963
971 2934
6319 6341
7887 2324
6216 8329
3912 5250
2194 7541
3687 8689
5034 4432
5347 6702
9133 760
357 9370
1192 9974
9813 7937
2881 8302
1803 8594
4264 2775
2606 582
9116 1572
3986 5331
9901 8977
1660 2094
6517 5347
1862 1550
857 7209
9332 1069
7970 767
438 240
740 1329
9256 3621
9631 1059
3294 4974
4913 6979
6635 4028
8551 620
438 9530
9597 2098
2703 6113
8524 4565
8743 459
2852 8074
1528 1900
8841 3045
2141 659
4374 1396
4281 5084
3534 8654
57 8447
6711 6692
3554 5262
8392 3992
5870 7988
7169 8573
5180 6771
4216 3922
7230 7069
1995 9838
47 1914
2882 2188
2573 8336
4664 7933
3419 9277
7665 4555
8803 4376
2325 2356
716 716
7427 6586
8705 5674
6238 4963
2444 1532
8885 752
9680 1958
589 9728
3872 4551
2994 7524
2886 8737
6536 7384
8014 4200
1938 6816
9655 4263
250 370
4980 7677
8036 4763
4429 5352
9726 7952
6884 9689
8704 6564
1646 372
7370 6597
6002 1442
5199 8888
179 1734
7350 9272
7014 9288
6087 6668
4629 7416
8118 687
5092 6153
5450 599
1504 6254
8551 9467
5942 7254
7109 8667
8705 4478
5263 4706
5921 462
3593 7179
3275 2021
6450 288
1308 3615
6957 5938
1030 5074
6625 7201
2305 3154
7800 4888
486 6350
4354 7508
3603 1463
6174 3387
7020 2516
8093 2940
4057 2765
118 7332
4786 7647
7621 7174
1261 5656
3111 2291
1808 814
9492 5192
5047 8370
79 5534
4719 4433
3041 9402
5896 293
2788 2916
2809 880
6935 6866
4724 8133
5277 9511
5779 3976
6684 8120
710 873
410 2518
2766 981
8789 7814
9351 8868
4426 4070
4379 8546
4550 275
8839 7338
4270 2727
9297 2283
671 4021
415 5948
3531 7274
9924 1293
5393 633
2166 6882
4230 4932
8942 4097
3824 8293
2964 9329
3441 7344
7874 9070
8698 7792
6407 4046
1597 5703
6329 2268
802 7824
8217 4333
6176 9219
5626 2647
931 8871
9529 6240
3803 8471
337 8706
7842 3301
8035 2361
1723 6987
1430 1499
4778 8916
5545 6375
4618 2953
9723 6500
776 9018
832 8031
8236 7538
677 245
6408 205
6486 1289
9755 6823
9996 8675
1202 9109
2114 4005
6095 3544
5504 873
2459 1049
8327 8157
4002 8049
4656 5857
7066 6567
3887 6381
5183 4564
6626 2670
5848 4190
5038 6682
2091 5033
5356 3294
5220 8550
8378 1315
2093 3881
3267 5632
6009 1593
4867 1089
721 601
6946 7787
8247 1911
5246 4509
7554 2951
7179 3402
7141 2216
1162 9233
8329 7597
3605 3548
6146 1982
4863 9319
6942 9209
6029 2951
802 895
4040 1523
2575 986
388 1900
3976 6714
6409 1530
9665 3587
6011 6805
6883 7173
7116 5211
4769 720
9838 1994
3781 5780
1312 723
4988 7341
3674 6869
9315 8793
9471 1889
857 938
3789 4834
7652 198
6364 7316
4864 2374
5199 1746
625 3394
8036 5394
5193 8953
7388 8975
4732 9779
9698 798
7119 4450
7668 6433
3242 7138
9401 4100
8076 3190
12 5727
4467 6376
4121 409
9829 399
3235 1532
3793 2349
6926 64
1301 5393
9039 7112
6250 9815
7911 3369
5343 5578
880 8586
3794 281
3764 1870
4550 3776
8676 95
1230 3876
504 2137
4275 3739
3669 9147
6089 1673
9211 8469
8145 9329
5581 4395
9143 4570
7764 4486
147 9723
4150 5020
3 8993
6890 5632
2768 6645
5727 5077
520 6232
7214 5874
1049 882
6099 8217
2555 6388
6686 700
5716 3345
5095 5938
7915 3937
1502 9141
3659 5652
4160 4742
5723 1050
373 8491
7695 6101
3567 9294
3411 1859
5167 4460
2741 1265
2677 5296
7653 441
5996 4448
3786 2169
385 1700
6106 2966
1919 844
8618 6079
5586 4340
8208 7038
3909 6981
4217 8555
6274 8707
413 1440
3167 3154
3784 6923
9529 2516
8443 5525
6964 2228
8773 8428
5007 4879
1393 6926
6802 1089
4083 3466
6508 2291
503 416
350 5800
49 6625
4506 462
9144 8752
4695 2928
5674 4223
6523 4116
826 3486
7423 678
2992 3508
5557 4385
1512 3437
5474 5596
6903 3060
8966 7406
4555 9316
3205 4604
7019 8791
6145 6163
7542 1918
169 3216
6141 6692
8411 8047
1256 6913
8725 4248
420 5360
9712 3012
8797 6264
8608 5699
9324 8652
4183 3878
9046 8468
8482 7144
7258 5705
4385 4799
7623 4554
9094 4842
2324 8584
3967 4659
6575 2691
9986 8074
9130 9697
1085 9005
5960 771
4703 5283
9423 9966
239 9548
9512 9800
6691 6769
5504 1075
2646 3126
6708 2819
9047 110
2481 3014
4769 9056
5705 4754
7129 5914
5529 8215
4918 1488
8986 700
7850 9488
1744 8089
113 1255
7888 6804
8024 4470
8958 1748
7596 6744
5646 6642
7933 8127
9656 2701
8261 6440
8534 5390
3432 4062
4683 8350
6629 4747
128 4478
5313 1872
3645 5426
3127 1532
3308 2229
6002 3344
3978 4676
87 9624
2396 8020
8830 3131
1799 7090
649 1411
3558 4081
6552 9320
3509 3180
4067 3638
7658 458
6589 1302
5885 9717
3913 271
3024 993
3616 8081
6748 4782
8784 9145
3881 7613
2275 6759
5781 2924
8171 9340
8084 4722
8659 1592
7903 3804
6309 6639
4263 2898
9021 1226
3693 4012
1497 7796
5006 5113
5877 1753
974 4660
1976 5934
3351 5330
2692 9132
9333 1941
9550 7416
6664 9288
87 5645
3091 6396
3362 7354
372 2382
9659 4065
7474 1156
1861 2479
7348 7738
5311 8322
3476 8367
4255 6827
3696 8027
7037 3029
9968 6587
1523 6631
5874 1610
3354 43
8007 7796
8477 8379
1256 8135
3523 8730
9291 6463
2287 6639
5279 8678
6039 8755
7044 1373
6660 1818
9400 3696
4847 9367
1361 7450
7077 8314
9060 430
8358 8145
9305 6834
7603 561
6047 1125
9291 5338
7588 1578
3055 3945
1334 9094
2699 8378
1545 437
195 944
5212 6122
311 7653
3571 7388
5966 3709
8897 5402
1854 8202
3314 9457
8763 9362
1660 9132
5778 326
1788 8833
4271 3122
9005 8049
1499 550
9565 2774
1494 4776
8896 2884
2428 3545
271 9474
7254 9169
4875 186
7370 8190
721 7211
7551 2381
6342 3328
3786 8131
3239 9136
1252 3322
8263 3831
3872 7827
6605 6446
3682 6579
9330 7189
1202 9602
6662 8456
9849 1537
9722 8297
805 442
5507 9435
3903 2927
2762 7689
1057 7080
6825 3389
401 6166
8299 5353
3993 5982
1798 7675
2560 2206
4863 3762
2886 2604
3296 2734
5220 3017
1030 6025
3460 7616
5459 7363
543 9300
6130 2679
7458 4033
7147 7859
199 5445
3211 4192
1426 6088
2945 5065
8295 8887
9906 1180
1490 4281
3915 6710
7298 6024
3813 1836
4719 9272
277 6341
9650 6408
9020 7107
1519 7246
4966 1718
3769 9256
6989 5196
5344 1012
1339 3638
9900 2324
4818 1389
6605 9812
9179 4981
6915 2991
6818 1633
3342 8174
7974 2991
5660 8072
98 7180
6396 6143
9977 165
5398 6966
6440 1820
7978 7779
5458 7877
1181 1355
345 7786
2245 602
3846 238
3593 1742
2950 6935
9916 2002
1005 5576
74 2182
3834 7549
8325 3810
7714 4801
1854 4153
6622 9833
3011 3158
8788 4192
5592 211
3057 8917
813 6903
9155 5486
8645 2105
3499 9639
5186 4504
6293 5260
6686 126
3888 6089
5016 1601
1969 6870
5755 9670
7781 9845
3906 6569
4036 577
7859 8172
9494 8673
5074 9727
5237 4797
2910 8736
5515 8097
4319 1807
4435 2083
3013 8323
8173 8029
9925 1220
5977 6758
889 3758
6602 4795
1405 1716
5372 9264
9889 5944
9015 6041
5671 4251
838 8581
2987 6353
7756 8385
9239 2191
467 2251
1592 8640
1358 1516
9860 7336
9353 1827
2172 7033
6623 3577
8750 1994
2840 8638
7939 2934
5757 4688
7185 6595
4347 1250
4026 2103
9635 4344
5373 102
6595 6965
9821 9033
9561 759
6368 8913
2586 9619
5946 9209
3195 5774
2282 7114
5490 1299
47 1246
7066 8312
8921 1412
9562 2946
4594 275
8369 9967
1456 4964
6932 1276
3996 6492
3114 1442
6483 5701
1060 3507
5988 5334
9281 9349
2447 4770
1726 3574
7096 8792
1885 6016
204 2525
40 4798
2800 8410
5844 4256
4452 2775
6612 8448
345 804
968 7907
7584 3107
1414 4651
8441 694
3999 1966
6544 6805
5540 3639
5596 7425
733 6879
9951 773
2756 3829
9183 8600
9165 3634
2453 6855
3160 2798
7659 5207
1783 6322
9393 3197
972 7833
4971 4971
878 1514
1775 6418
6232 8451
4922 6965
6408 5951
7738 9164
9780 8000
8842 22
2712 1294
6877 6952
5171 5615
2158 6955
1936 1551
151 2908
462 5122
8958 1340
7715 1812
8838 3946
262 3759
910 6670
9710 9728
6913 567
7727 5754
590 1517
7049 7467
8469 3298
4160 627
252 6096
3257 1483
82 3719
7684 9041
6139 5399
852 4976
423 2193
8735 2413
9942 8444
3219 6854
9011 2024
2608 679
3541 735
8147 2010
5112 3385
3716 5365
9482 6973
7927 9564
1770 5610
8604 7909
2087 534
2884 3590
3806 1618
6003 3748
1140 300
1680 1230
2324 5367
1909 5865
6102 1134
8954 1214
4520 2669
7658 5080
720 6663
4643 2491
3351 4326
399 5439
5939 3284
107 9746
5981 7189
3493 7122
7489 6252
9431 9813
1619 2418
6756 7721
3553 5710
13 9152
8379 8750
4231 9100
5412 9953
1590 8764
5357 3068
5281 1296
7431 5388
2120 3412
2576 6692
1612 64
2943 1042
955 4562
3460 7711
3362 8092
3420 4454
8322 2878
3204 2552
1977 9695
3584 4646
9537 8941
8793 5896
236 6224
1283 3435
9636 4938
126 1247
6081 3070
3368 7036
7632 7907
4747 993
7078 9246
5448 5399
2123 9731
9031 5179
503 2614
9825 40
1554 9697
5936 2870
5920 8299
6305 5555
3236 6432
7881 396
9502 2327
7432 8212
1312 3257
284 8390
2503 6811
4868 5705
6541 3898
884 7044
6512 1787
8163 9145
1483 5178
2014 7403
3476 9399
4036 7791
5830 2995
8187 6410
5322 6698
5700 6635
9955 5984
6103 3536
2794 970
9242 413
4868 125
8537 2458
2991 6699
1603 4475
1876 4696
1877 6431
4094 6993
5301 1002
9988 3487
8491 5310
1263 4191
3023 1218
174 9126
5833 4048
1175 5074
4461 7122
6278 2997
659 9270
775 2262
4823 3730
8037 6700
161 2131
3692 5462
3133 3680
27 1624
68 1291
6894 3091
3588 8147
3295 499
2194 5549
6653 7735
3750 2930
731 4409
3278 2585
7750 8101
6316 5786
5880 6477
7917 650
3017 2129
5409 4123
4832 5477
5414 1725
9647 80
9872 4021
580 2066
648 7233
879 4398
1241 1610
8807 4520
4196 6556
3699 1590
2342 657
8067 1337
1308 2162
3466 6717
6285 8298
3273 2778
1101 3998
2858 973
8019 3438
4118 8668
1749 4997
4144 2991
7686 2951
8590 2960
585 3367
4550 4006
4025 3695
5344 5333
5857 9889
3128 3221
8187 6401
5999 9288
1478 9936
1339 9497
4453 6536
9243 6202
1532 4466
271 297
8496 8861
3257 9081
3307 8887
4166 7332
2581 588
3743 9518
476 6871
3817 9742
4351 9816
108 5829
9751 1447
6404 4203
7984 6726
1484 594
1191 1755
891 765
1695 5228
924 5002
4114 5090
2333 6695
5678 6076
7291 7234
4025 1107
6975 9455
2001 7083
6362 2831
9610 3845
8113 8672
1649 9597
344 3919
1352 2315
4684 4126
7543 5608
9128 1656
698 2539
9430 7455
9694 7800
4688 3718
8907 2742
4252 1987
903 613
4818 512
5537 2930
262 7186
2527 1686
1104 4958
4001 5788
9084 1543
1396 8211
4278 3173
749 3707
1706 442
1506 6395
5239 1492
9137 9491
3479 1118
1183 8297
2710 6720
1226 2972
3906 4832
4658 5010
9790 8659
1877 8873
1280 3273
8162 5558
7525 9990
9266 9231
431 1850
6704 6750
4421 6919
6240 7900
8038 8502
7275 747
6301 9581
4798 206
4412 9457
6295 5281
9194 8172
5232 474
2523 3394
7111 47
4462 7455
357 4894
9306 7061
1643 4805
3980 8962
2705 3096
8543 1058
3843 4843
1717 8641
6128 7209
9176 2422
2489 9449
1673 8800
9923 4196
3272 8112
5323 7735
5567 6759
3707 5951
3819 6429
755 8878
6469 4539
3052 5011
5598 6895
9854 7315
6615 5981
5602 5790
9483 8091
5238 1155
7970 6239
6430 1241
4351 2831
8976 9918
9590 3761
5868 4488
189 6623
4444 6659
1162 7497
1669 7839
5470 2602
6232 2084
9662 1834
7875 9144
1003 4191
1377 8973
430 8887
1293 4781
1717 1347
5777 2386
5109 2723
6874 5298
9346 2396
1956 1586
9893 4705
503 6442
7307 6736
8526 8047
9649 6400
7191 651
591 9647
9625 2100
8533 1996
7960 1329
3343 3736
3715 8452
6459 1667
3750 6883
4063 6785
9549 5035
1489 51
1476 9875
6787 1080
7922 6435
8560 6191
8166 229
6916 8869
2329 5449
864 288
7857 4207
5103 1571
2659 1561
4317 7488
9523 8380
4272 9071
4493 6841
9123 7048
6715 6988
8129 5715
4502 6688
2984 2667
6917 9901
1535 324
6428 2399
612 4284
7685 5715
6934 343
8355 1250
7831 8956
9630 3182
8027 5202
22 8228
2249 7816
6294 1456
4610 795
9223 7594
4541 6139
8573 7155
6463 5000
632 8154
362 8318
4947 7296
8661 4380
8546 7571
3336 9255
1831 2441
5535 2932
1747 8863
747 8041
319 6436
8837 9542
5109 4456
6760 3681
1611 4301
9761 2243
2455 1201
560 8481
8498 300
2861 8122
8950 7276
8455 780
9717 3989
3712 1463
2852 5538
582 4250
1974 9419
3791 8162
4954 550
2921 6565
5931 2681
8808 8386
4962 447
6866 4538
747 805
2659 9697
8081 2193
476 8876
6182 5267
1417 112
804 2000
4362 3857
2497 9233
3097 7451
861 6019
5094 6792
9779 3902
5177 4740
4349 3122
9278 5096
5006 3016
5871 4166
5209 7426
4120 1390
2692 5538
2582 4575
8617 6944
9512 2192
6176 2608
722 8117
8627 5816
4908 9485
796 1164
4224 5145
5365 4581
1319 370
7597 8269
5615 2805
5694 9736
5274 9465
6352 7856
4040 4968
5879 4630
8239 3133
7238 8961
1249 6944
5856 7237
6428 6652
8401 651
1797 3765
6311 4195
5214 3907
2464 829
7791 9237
1643 4144
8702 7995
1999 3820
4041 8957
8450 2279
3169 5687
2319 5497
2630 8175
2733 136
5905 2212
1867 8781
7056 8178
2976 2270
2085 6519
4178 954
5755 5821
5098 4456
4894 8177
8276 8935
7133 6725
2292 1380
3491 5690
6878 7200
3864 9611
7337 848
1823 9204
9629 9958
7381 2604
2227 544
201 7484
2578 5957
4383 7676
1491 9277
5852 846
9290 4064
8650 1582
5444 2140
7272 2321
9341 2215
3011 7756
3063 5913
6959 2691
5870 5418
6375 9177
7042 7655
7739 9620
3611 2122
7295 6182
2477 4226
7028 1767
8290 5677
3349 3733
7818 620
7134 8237
3914 1223
5992 6977
7136 4029
747 4084
525 8201
3260 8646
5855 2078
8265 545
4200 6639
6727 6677
1943 3754
8444 232
509 2871
5044 8327
4571 3256
7642 8485
4479 4712
6541 2693
8741 7288
6778 345
6567 1116
8991 3500
3194 8335
4045 8473
4973 771
5150 6916
5604 4672
8227 6114
7544 3270
5519 2114
7606 3161
1677 2084
8952 8218
4778 7693
6584 1555
9117 4229
3750 8107
7730 6945
6441 1774
5417 2492
2546 1645
9408 9229
6318 8713
5342 4940
3062 1940
8133 667
6180 9810
2751 5131
9107 7529
3902 5690
162 3018
9920 3913
2204 7649
1936 8645
9423 7353
1137 3047
77 1623
3355 6395
1415 9776
2413 4477
1715 545
5144 8974
1433 7895
4105 539
6503 9086
7309 7744
3183 7228
2735 5387
5955 4671
5110 6456
3103 7326
582 3180
28 3937
653 1443
4791 4145
5920 6507
5769 1063
5480 7202
8958 663
8821 6539
9750 6129
4283 2932
4435 7018
9398 389
2768 4507
7924 5871
1833 8506
129 1861
3521 1861
3304 8313
6006 9224
4819 1774
1365 1377
8976 1401
3120 7796
7941 3948
5003 2223
7959 9438
319 7356
9827 3087
1862 7751
36 4774
7335 165
6635 856
2026 1017
9169 9111
1319 5066
884 2684
7522 939
4086 641
9814 2026
5668 4817
5328 3626
5333 6726
981 6239
9814 3923
3989 928
8697 2402
1094 5332
3258 4199
7428 3505
3310 8748
9650 5273
1431 8251
7291 6596
9971 8184
9701 5639
3000 6107
9265 9412
2833 246
5650 2646
4169 717
4653 3944
3120 5747
354 7457
1025 7783
2041 5414
6530 2769
1765 9040
1019 9057
6715 2069
7240 6415
7708 1318
2522 6972
729 5355
8297 6380
9080 3544
7097 3732
8568 1295
558 8922
8753 2662
6704 1872
8076 4312
4641 9841
4431 5661
9976 1145
7730 8294
8639 6516
9612 1160
4566 1420
7594 3942
8879 7752
7486 7054
2563 6053
8350 3121
6054 8181
5783 2757
52 4937
8149 4693
5856 2579
1432 5832
4803 240
5204 3441
6756 4816
4602 1322
7315 3274
6343 6193
1026 3828
4325 3589
960 3753
7789 7014
1933 4650
849 3064
9587 8998
8837 6521
2655 268
3431 7458
1588 8636
899 8344
4530 6580
744 1844
9854 7087
9116 879
1994 3440
5547 4033
7194 3335
2125 205
9064 4053
3270 8650
3051 2106
6250 6785
3453 9681
4243 5041
8316 5142
4464 3924
1721 6287
6847 2653
4453 5962
3533 6447
481 158
1558 8754
4573 4762
37 3636
8815 3307
2286 2944
6492 9615
9730 1024
9295 3972
6065 8690
192 1607
2613 2992
7895 9461
5645 2347
6501 256
9873 6982
415 2509
6814 6067
7271 6852
9703 6085
1237 3067
108 8809
2681 9838
9833 1976
4888 6976
1744 6159
8584 4357
9151 7557
4896 5874
9904 1397
7210 854
9458 8704
3363 7351
4770 1712
4202 4472
7797 6518
7540 8984
5326 220
8821 5158
3275 4787
2134 5019
945 1796
455 1174
9353 5351
8128 334
7827 5337
1188 8364
5119 5630
5714 9889
8421 994
4360 7296
7512 2978
6280 3917
4278 5100
9075 7553
966 2287
3651 2990
4083 4106
5244 3435
535 3371
3769 9442
9787 6036
7805 4905
2744 4597
4793 1164
6670 231
8461 4181
4289 4740
8098 8567
918 8252
6119 2963
538 848
5954 4622
4954 1197
9136 6569
5647 3984
6010 5433
1098 4893
1416 3843
568 7288
6086 7238
8598 5625
1418 2886
1443 595
1452 3441
9926 8651
6404 463
9499 3436
6164 5532
4633 6379
2100 1358
362 9189
6791 1460
4081 9286
6382 4649
6573 3547
1886 5171
250 4383
8057 1694
6057 588
5135 5982
9239 2617
7525 9816
6054 4767
5347 1765
1145 7447
4203 1507
6635 993
4047 1794
1358 1507
6443 7931
5054 9408
4180 5305
3791 2237
8078 926
3904 4291
6909 3142
6908 5512
2957 4040
278 8305
6885 1424
6830 1087
4010 4544
3159 8057
6338 4517
9565 3860
3527 5697
3267 7707
2080 8137
1022 157
9064 4926
4448 7051
9147 2435
2562 3183
7554 3919
2566 4438
5343 9396
6604 9354
3939 9764
7410 1356
5359 8053
5216 8886
3750 8483
7672 5830
6620 8694
7067 6762
4699 1514
3812 3845
5028 7453
7028 2582
1371 9594
7020 7794
68 3624
7147 5086
4466 5635
6442 9825
3688 1657
9790 8517
1219 7461
5425 8918
7233 2491
5679 3010
4006 569
6856 9034
9101 4962
1615 1550
5635 9715
9344 5703
4417 6490
788 9962
3204 8310
864 6892
9967 653
6487 2264
9193 1911
1181 7505
4403 7939
514 9488
8508 8449
9600 8687
4490 1215
237 124
2008 9581
6906 7504
7150 8773
7465 353
7082 9408
8324 8128
1140 4810
1470 1411
6721 2652
8916 2202
590 509
1689 177
36 1289
9943 4526
3583 179
5729 6670
839 2634
4173 7989
2486 2716
8342 9568
3202 6665
8774 4342
1474 244
5754 9274
3975 5748
1476 5644
6257 4244
5821 7373
5533 6843
1898 194
7022 7628
6864 7861
1340 2115
6928 3826
5910 5269
4473 9113
3012 4325
3454 5565
5648 286
4839 9623
6035 7394
5267 3370
1637 2166
742 8250
9009 3720
8444 7110
2426 6387
4970 4845
8502 2977
9751 5491
8246 5302
4603 1258
9627 9136
6823 6354
501 2740
5976 7615
133 2321
984 2850
5567 2806
1099 4575
7605 621
2763 30
7008 7734
5954 6589
710 5704
2079 34
1005 7761
2371 1711
7975 273
8065 8476
3013 5119
6090 4226
7441 8154
7076 4086
959 9254
8661 9643
953 1424
9673 7962
236 6705
5629 2025
2409 8787
3138 4493
6547 5510
6204 4521
6862 4268
4076 9875
466 165
5179 8986
8319 2254
3071 356
2586 2810
9999 3540
4234 749
2580 5549
7455 9288
8653 942
8074 2870
5435 4620
8380 2718
219 6320
8065 4295
6194 8531
4461 1373
7516 3858
4706 586
5294 8372
3397 5292
2990 8710
7121 5570
5338 5654
5936 5069
7675 4009
7939 3109
8629 7397
5827 9927
3716 4971
4222 989
3501 9762
2362 1017
3619 8147
2682 8913
6518 7158
5284 586
6947 3483
6156 2284
9137 2091
7353 6811
7179 6371
998 6886
3767 7905
6813 7484
2875 1034
8473 6376
1874 1913
8472 5493
1138 2233
5485 8736
469 1847
9322 7416
5330 6557
9700 5545
9727 8132
3434 6906
4502 4432
3791 9348
3415 1682
7910 6290
2716 7461
3745 5669
9374 3295
1162 1591
6607 7726
326 7077
651 9648
4492 7060
7283 5271
2604 7010
4481 7117
3915 61
2627 8785
9409 6043
467 8398
3411 4262
5858 8235
9932 6311
1530 2172
7902 9216
976 8228
6292 1627
8954 1863
8687 6237
7134 2369
4325 2693
9486 9319
2754 2112
8103 3241
9234 9649
1638 2645
3911 7497
879 4921
3807 3488
8172 2787
2704 9148
2093 74
1853 1046
1937 1618
8362 149
3987 3765
2842 4551
3083 6675
7742 2265
9917 6976
1913 2633
9621 6903
129 1578
2902 5015
5067 1073
7802 8850
220 9895
8924 3152
2020 1940
4770 1460
2089 8757
5226 6011
3307 8309
2685 2128
1652 3680
9104 4645
6314 9803
1547 7522
1380 4450
2537 7526
6602 1417
6375 7902
1312 6378
1053 3332
8318 5824
5871 1485
5659 1096
8575 45
484 2339
2173 2136
6019 1276
6781 3411
1078 9408
2012 3537
4936 4549
1063 2616
5966 8517
517 8357
5973 1571
2767 5369
8474 8639
6855 4132
813 6508
5256 1297
8847 7429
4513 5945
9784 2372
434 1940
2858 2446
5478 8873
8074 7620
1489 5119
6136 2006
3475 3188
4656 6243
8557 4208
5960 6490
9420 6773
2998 4675
9150 1844
3183 3662
7789 2966
7113 8224
4907 1050
1748 1463
9923 9823
9083 1411
4941 6297
4497 8416
9485 231
5737 8042
4440 1696
5610 4938
8470 8608
9613 8698
452 3874
2359 9320
6841 550
8622 2826
1600 370
5368 2602
192 5529
4013 5133
1825 9589
4627 2389
9821 364
1509 5339
3139 7119
276 2687
5727 9889
1384 7258
4842 4822
6577 1682
5373 5199
5587 8052
6648 2033
653 6840
7562 5746
3051 9387
5334 7678
2854 6233
9121 4363
1571 2260
2561 1847
4947 8288
2815 6332
6624 7657
2232 3200
417 8684
9478 7083
6736 6125
9116 8468
4043 6677
4213 7094
7142 626
4772 9997
6859 3892
5438 8431
7231 7999
1356 2178
7365 4171
9589 3988
2906 2899
8268 3323
1583 7745
1484 8319
4949 599
7865 8992
8355 3157
6086 6576
3783 1936
7651 1720
5828 3088
1229 4138
2166 2586
6316 9531
7836 6983
4598 742
9882 2865
5144 2543
1688 6629
861 6637
8307 9806
6708 6662
2962 3872
4316 6745
5808 1966
9544 2714
5054 773
6852 8299
3359 4246
8909 2273
2307 3506
3015 3268
7450 9239
5811 216
6946 6673
7933 6331
7557 4640
4071 518
8512 8387
8342 5398
352 7885
8112 6486
8658 6043
4784 3095
288 4771
5369 2596
9356 9463
5864 6805
9780 1674
8101 6725
9426 6033
3056 6982
1751 7127
8579 1341
5514 7999
6739 6945
5884 4850
3430 5620
892 9294
9795 2260
4064 5163
4856 3420
5704 1798
1303 5484
4551 9404
3287 5056
6515 7422
3116 8266
4549 1695
9607 1141
9694 7424
9165 6656
2274 2595
3355 4245
2967 3149
7584 7031
9391 3518
1529 5094
5316 2833
577 946
3315 4944
6002 909
2365 9118
9175 7993
812 9861
9134 1585
7284 9378
9320 636
1972 2674
5961 4939
6902 3544
3048 6292
7063 4578
1386 3457
8490 3042
5482 2883
7986 1483
3792 1430
601 2967
9423 2492
3906 9636
5156 2268
9013 4476
2905 2063
8229 9945
7002 5131
3488 1128
1422 1629
6785 3887
6166 5274
8009 1647
8158 5994
4210 3028
7424 4811
5995 7926
8382 979
7561 3538
3248 6573
9093 7232
8636 7321
7176 6716
3530 1742
7844 4953
4451 4629
9919 1695
981 7927
3342 217
5000 7552
3246 3502
3441 319
1427 1823
1299 8988
6440 5626
6639 5532
2857 5274
2852 32
3068 7462
2853 1991
3493 7304
7699 3411
8999 8680
1338 3420
9977 6338
2050 3222
918 5492
4620 2346
8394 5919
1333 4833
2623 9052
364 5480
5404 4295
6591 8473
1756 9445
463 5249
7827 9241
9740 7905
8999 2156
1324 8975
8494 4453
3275 490
9945 7896
2836 9417
4893 5249
4249 7517
4300 5692
2996 9704
9988 666
9255 2822
1189 9718
9151 9016
36 8890
6920 9036
1045 9323
8010 617
3776 2364
1107 4799
259 5023
4216 5152
271 9544
2668 5650
5236 6744
5353 6302
7410 4608
9124 8599
5404 9353
8693 5441
8242 6692
4476 365
6014 3564
2061 868
7007 3169
5668 7266
8192 962
3497 9542
505 7244
5191 5741
3987 1622
2042 2475
6230 2245
2152 2713
1597 1924
8154 918
8616 3708
1283 5708
8351 3345
6577 5358
7593 3323
3702 6863
4285 8278
7483 4790
5522 2673
1610 587
4295 3652
4142 1604
5897 7373
4317 8574
9297 2470
9492 8991
7257 1853
4699 6686
6277 2354
3122 4948
5677 6825
2889 1040
5102 371
5830 1702
4123 7440
2290 9498
2171 7511
1101 9147
4883 5418
8799 4180
8967 8290
3170 7302
1222 8948
3987 8578
1301 7110
3526 8057
5013 6415
9097 1193
7866 4927
2896 1988
3445 6265
1485 6695
3775 3665
5842 8658
9083 5719
3916 9128
4009 8166
7508 6310
7113 1495
4887 9494
9684 8413
7550 4696
5907 6647
5889 4851
2652 8785
6839 6097
6128 9404
3871 9903
3068 791
8561 3230
6510 3555
2357 1597
1720 944
7907 9913
2439 2794
9406 3201
2285 6955
7897 9271
3601 4864
4121 6253
3649 2039
3429 9777
1442 8379
758 4510
9170 397
8819 5679
3952 2255
8356 6752
3199 6262
6664 5638
134 6069
8839 3499
4102 7814
3848 7704
2677 7970
5035 7405
1087 9543
8261 2529
7921 9019
8118 7090
9416 6937
3848 4446
9192 2203
2276 2390
9544 8940
9107 9679
6087 9024
4256 189
6837 8104
8972 9514
7152 5085
7998 8239
4628 6258
767 2548
6355 9965
9639 6849
6901 4565
1294 7171
6768 3571
9561 6311
3589 9746
7068 755
8769 1323
2023 5605
9428 994
6197 6579
6079 4194
5897 706
1530 6664
4334 7885
6628 3972
5812 4607
8537 7107
1777 6383
1756 2416
3772 6424
2161 840
7179 929
2163 9202
6534 2669
1274 3810
327 7354
9083 6224
9139 1692
3966 3472
655 1673
8523 6468
6280 8138
4653 8058
4520 6409
473 8293
3911 2635
211 2169
4643 3453
1370 2256
6123 3724
6066 7529
2156 6227
4831 1294
7919 8797
5846 8575
469 5447
5042 7829
3585 9695
6965 9184
7182 8517
8555 2171
2230 8766
4340 6874
2219 6790
9130 9421
513 6274
6949 2669
2500 2858
5042 419
1654 887
8994 3203
7414 5114
1031 998
4808 9075
181 3068
7591 9816
5239 9822
8581 9580
7774 1878
6369 6903
2377 7961
3176 404
629 5676
3262 6750
7174 4917
8717 7246
9199 6130
2359 1308
7128 8246
382 8388
2392 7973
8203 8711
8873 7863
8290 6646
819 5737
3548 3197
3697 7803
3601 5405
4558 7943
2154 2810
3938 870
56 3136
7000 3494
4444 5206
2819 5905
4673 5211
3877 3954
5000 3829
2895 3289
474 3715
104 5102
7991 4880
3983 2670
1363 8541
612 4597
1351 4550
5467 2486
8765 3546
5980 3208
9831 9878
9113 4503
6168 4069
9537 1167
7898 2431
5536 9451
7225 5640
5631 5215
1599 9615
8965 2962
8155 9577
7559 584
5206 4105
3070 3970
8730 129
7179 9639
6 7370
4142 7253
2517 4757
8421 414
7188 3956
944 4413
674 6575
706 2273
6189 9671
6315 5423
9248 4952
7086 5532
9057 1235
9502 8865
1364 7759
8504 2449
5129 3724
9703 8725
8481 9202
218 6747
3157 1162
1159 4910
7737 1866
7184 5005
2615 4577
1506 1862
9529 8592
7394 9665
9827 7975
9608 2269
5733 8111
5798 1940
2913 6579
665 2472
5780 883
9220 15
3124 1457
4925 1939
4402 2108
6944 7018
7764 9529
9959 7293
8121 8432
8036 9026
6406 7643
2374 3217
6833 8172
6237 9746
4750 6902
3297 529
8864 3595
544 1987
5052 6548
5005 533
8657 1949
7551 7499
1477 8588
4791 676
7019 3905
781 4503
1548 3155
7721 8381
2405 3957
9205 7155
1937 2501
8763 1879
6096 385
4945 2227
6933 9950
2760 6668
2977 1389
4167 4455
9977 36
6210 8075
3942 6991
2577 5490
1224 1376
4949 3629
6412 4153
783 9428
6655 624
1306 3829
2088 6251
6056 9022
7280 9895
6768 256
1283 2013
5790 1260
2050 2000
9335 7071
69 2990
3639 1294
5446 8588
4923 1857
3819 6786
1285 1552
8489 3670
5382 577
1000 2516
9599 8280
2411 7445
9615 3694
9459 5405
6033 2587
8484 6446
9658 8553
9437 3296
925 4882
2962 6928
7818 6781
3713 181
8334 2201
3852 4794
3857 4852
7310 4534
4210 9721
1979 3824
4494 1437
307 526
4024 8791
6973 4760
8423 7488
9135 9348
3448 3175
6275 1265
9956 1066
2526 9368
4347 6378
5240 8204
2308 2550
2738 7597
3349 5796
1420 7843
8312 1728
9449 3414
1597 7500
8174 19
4987 8387
9368 9514
1561 6721
778 1516
8867 4383
1963 3213
760 7203
2495 4147
831 6312
1743 4181
2107 4243
3102 418
5971 2550
3832 7568
49 3084
7588 6115
1470 8034
5628 3031
5833 7486
5627 4699
1868 8669
7912 3708
6950 1486
7855 7782
7798 677
1962 984
4920 6143
1402 890
8694 6314
9537 8743
476 8203
5937 3026
7315 1564
7136 3148
9050 2762
7847 918
2509 6838
4626 9460
9403 3559
7241 7200
4236 281
8184 9156
6424 665
1124 5117
8058 661
4939 9613
9943 875
2638 7258
3518 9775
405 2568
3615 9331
4565 6125
7247 269
5584 6649
3828 3903
4928 8065
4184 4190
8299 607
5934 9424
6804 3991
1163 2821
4683 2184
4775 7321
9442 8293
8174 925
860 1789
1335 5425
8993 9661
5694 5655
7389 601
9558 2316
9745 4820
6506 8043
6506 2440
8545 3309
7510 786
7209 2192
2971 1983
592 3491
276 9845
5496 2215
1633 7910
8720 1704
7570 5492
7359 4958
6093 7995
8353 5837
2814 4859
4959 9321
8378 4582
2629 6966
5369 9839
237 9419
2900 829
3988 3176
673 562
6471 3386
8472 5190
5090 7121
681 3528
3157 7854
1522 1510
3690 4337
6369 9728
3657 5825
4310 7365
2790 757
8282 3027
1254 2261
4935 5242
6516 6688
6884 2986
73 5355
8176 6242
3554 9937
848 6712
7790 2371
8222 2558
7787 5669
3365 2522
1493 7675
965 5362
9511 326
8390 764
2587 4403
7085 9103
1090 5047
2089 2242
1481 1343
8485 5035
2358 9333
1746 147
2782 1046
3785 568
6715 7150
3090 9287
5903 5135
4649 5413
5461 4117
7256 8048
8520 5419
7150 689
466 317
2931 1947
2740 1415
6982 5098
1827 9808
5246 4609
853 109
6257 8648
7259 425
7934 4240
5560 3661
9653 2099
8857 7987
146 8456
3405 8376
9145 4950
9772 2075
6897 2511
4570 4958
7610 6397
5844 3934
2084 7776
4043 9420
6423 1301
9846 5436
5541 6484
175 6272
8584 9033
5337 9809
7488 8742
8184 6632
3692 9035
9786 1667
1545 4355
6625 9155
1830 3547
3088 4994
1323 7131
4413 8825
9511 4258
4260 6130
1821 4436
3480 404
4547 8817
212 2034
8638 9476
9745 3408
8510 9530
5075 54
4964 2779
288 6794
6326 4455
1787 7649
2665 7280
7553 3254
2616 1812
9385 4437
7327 3943
5920 2952
2760 7212
6065 2476
6687 5809
5884 6275
6418 958
7408 1381
4816 8775
9254 2221
3230 2120
948 5895
9400 8501
9149 3094
313 9612
7532 8719
3555 3451
1671 7394
662 7736
9870 8428
4624 5753
5781 1041
7790 3189
3501 3685
1963 3833
5906 6272
5953 6854
2166 6431
5355 2394
9526 6747
2005 8136
6544 6639
2665 9294
4032 4407
8109 4980
2834 2732
732 9695
4852 9602
2883 9432
3286 5925
3264 270
2197 296
7124 5442
7806 3557
7836 8410
1382 920
6545 9006
7559 9211
8299 1591
3617 7486
7650 7530
1296 8383
7224 6148
9063 106
6658 3427
7111 1001
3697 386
1297 1899
5828 181
6536 3664
8592 8997
4584 5136
8002 3221
5425 7380
5891 9042
4865 3541
6572 6162
3002 3795
3388 2064
4981 46
5491 3170
2126 266
3556 4502
2165 9384
4683 8701
4126 4353
8777 9789
9490 6778
3010 5993
5236 8901
5035 101
3520 2685
7342 6522
7559 1808
8586 3618
2933 5155
6788 5059
6500 343
9561 8666
806 5323
8445 6011
9676 7221
5800 243
5078 9889
6237 313
9868 2350
1493 3388
5035 9914
9910 2593
1722 9575
6212 5734
5808 2999
793 2308
4422 1432
2052 6307
6755 1575
2317 7510
8797 8117
7753 4953
9084 5068
5266 8952
7418 7839
3418 2452
7752 4406
5046 552
5059 2336
6287 867
6414 7080
4254 835
9591 6306
7142 7425
7881 538
4934 7756
9734 3765
2708 8818
8834 9054
8848 6251
6892 2265
9783 4643
6671 5907
5196 1730
8243 1482
3676 4656
9641 9009
6571 9231
5314 3712
6655 4273
4250 2667
3108 5063
6433 5816
3880 5266
4869 2727
2595 2839
6071 2377
7483 3820
8284 3757
6629 7605
6318 304
2261 5958
9313 8832
6267 5705
3622 4001
1057 8952
6668 4165
4014 3100
1059 8973
9445 7008
2778 3119
9847 8849
5496 8408
2668 4859
3243 9298
3542 9561
680 5803
6597 1072
5713 3943
7856 414
7944 8913
444 4611
4156 5537
8791 5216
4509 9314
2223 7287
2432 3148
6135 9008
1556 9882
3866 5878
257 8487
5439 938
4290 3114
3089 1081
7057 944
2574 6079
936 3018
690 5092
8555 559
307 4142
9873 3609
1428 3384
7837 8642
2391 471
9603 7336
6349 9860
5822 1787
1876 1190
4902 4965
3351 3037
5910 5925
9117 7925
22 885
3016 9656
2523 4403
3798 2395
9091 6305
6858 6927
6026 9249
7398 5628
6584 3747
5487 3485
6613 7364
4675 2593
3407 8026
5631 395
5030 5826
8320 5052
6711 1336
5786 9234
6818 9584
2707 5908
6968 9566
3914 2993
9893 1311
8621 7556
1301 2878
1250 2740
2740 2408
1301 777
1339 1740
2740 2059
2408 1365
1978 499
2685 1488
777 2649
2408 831
457 1113
831 533
2649 476
2649 57
166 1104
2637 590
2649 2717
533 2525
1740 2105
2059 1730
1488 1542
95 858
476 1431
1983 427
1740 1621
1488 2122
1740 2200
2525 1169
1219 1984
1250 1625
2122 2908
1423 2474
476 2951
427 2348
63 1198
2059 942
57 546
1643 2119
590 565
1365 2681
1741 1604
2224 1413
1440 2193
1740 2179
2179 800
1198 1939
2408 2526
2803 2738
2951 2440
2251 1524
2717 2466
1219 983
2466 2984
2685 1766
800 959
228 50
1413 2726
57 716
1617 2719
959 768
2803 513
1621 1969
942 2789
2466 2478
783 596
1037 1578
1339 189
1766 2556
2398 726
50 1120
2908 1962
1990 1692
2398 272
476 2777
2719 841
2658 794
425 236
2829 592
2583 2610
2384 2968
2119 2001
2719 149
499 2385
1537 133
2719 1298
2726 1473
888 940
777 1958
2542 1187
592 1886
1359 2828
2350 1193
942 2361
1729 1097
2398 2504
2740 1870
1504 1717
149 1670
2101 2588
1413 1459
85 970
1219 1589
2811 148
2193 1181
533 2838
2085 480
2440 2701
2685 874
707 1946
2427 756
1717 2390
2652 1166
273 2032
1373 1612
978 1312
1166 2501
56 1382
2984 422
339 307
2203 2222
966 2068
1290 119
2733 2690
499 1025
1916 1906
1404 1311
1973 578
2690 2842
408 1623
1740 570
236 535
2334 527
1187 2834
2415 1823
1770 643
2350 749
470 1106
2324 295
874 1987
707 638
829 1210
2007 2698
2279 2905
783 1082
1298 314
1362 1401
2262 158
148 1660
2912 974
2740 472
2947 2853
1210 1727
303 2673
2527 2441
1473 2163
1301 2651
1861 316
2308 1038
1628 539
2068 1927
691 973
2289 1518
2350 648
2814 1047
1440 2114
1219 1125
687 1139
167 177
2262 999
1916 791
1631 246
2056 2747
2629 2591
263 1786
547 1436
1617 2396
1181 143
2685 2480
565 245
189 2345
2985 2380
2968 1394
2618 2511
1741 1742
63 2294
2466 2113
316 525
1166 1013
320 2166
1959 2364
547 1130
303 2956
1133 2563
505 1884
1121 1056
1670 393
58 634
607 2084
6 713
1133 1842
780 1472
1983 2353
653 1794
427 206
413 407
1617 292
253 541
2417 1560
2163 2910
2722 1691
2526 1182
243 1526
1709 955
2526 252
2583 1580
1953 765
1660 2653
955 2557
1242 2958
2162 2287
1863 1819
476 1903
1405 747
631 931
2194 1893
1670 265
2164 1159
2507 762
2956 2854
2375 1648
1136 264
72 443
2262 2678
551 21
2347 692
2925 2497
422 2495
907 2535
2200 557
2769 388
1630 775
2353 2579
1193 938
234 835
2271 1676
914 1487
2380 2827
1571 2116
1836 2071
2616 2965
640 2145
446 1140
1424 2315
63 2450
245 2553
1355 2274
570 1601
961 1710
2968 251
2526 2791
2048 2788
955 766
206 555
1730 1900
2480 1763
1368 2159
1141 2615
1537 1572
513 753
476 1200
2271 102
2350 2399
2764 346
1537 1602
1621 770
2105 2707
1953 1150
1991 1949
306 1777
1113 1546
1972 1517
403 2202
2698 1332
2474 1171
1730 458
836 1845
2033 433
875 1447
1998 1063
186 2232
2542 1693
177 2429
2364 1458
1642 1698
2193 1168
1556 1666
808 2031
1693 1739
2563 1338
