50
3028 9177
3704 6313
1990 5544
1514 6312
3818 9829
7001 4539
1761 8948
2556 5335
5076 2374
9516 6906
8080 1465
3258 2250
3127 3240
5844 1465
5560 9914
9623 9667
168 3327
7058 2158
8871 8572
8470 3767
9479 5470
9385 2318
5496 3020
8732 572
5394 8247
8557 4552
9712 2893
6802 2839
6134 3725
4304 2772
3638 3927
2438 3806
8333 9496
5965 8282
9147 5513
3127 9704
2062 2511
2022 7558
5531 753
9209 2004
9001 8845
6556 9791
1737 4437
2629 8950
8162 8013
1721 1799
3018 5238
6684 2429
5813 3727
710 4959
37 24
46 25
3 1
1 27
27 13
3 40
8 49
49 38
20 42
42 5
