500
1840 4399
606 1363
9829 2410
8616 6924
8994 9462
1162 245
8617 7916
4223 1460
7158 3997
6258 6204
1432 9072
7277 4704
5820 7945
5193 8301
9716 3542
2218 1555
9020 2824
2918 8848
6314 2613
6851 6386
3153 8013
7711 1769
7007 1933
4308 4164
5931 1644
367 8442
716 8724
3146 7615
6668 9418
5916 7463
2959 8134
9018 3058
2037 3015
1905 9430
5628 9835
5815 8781
7847 3525
1628 5933
5459 5936
96 2468
7581 1543
909 9376
266 5134
6990 8013
5631 3984
5475 8590
2118 5572
1647 5234
8587 4632
4663 4214
4466 477
4073 3392
5082 5701
9325 1619
2715 499
4087 295
2042 6075
9671 3387
2288 7740
1400 7919
1723 7954
7587 4920
3525 313
153 2111
6024 4816
7404 489
6373 2555
4960 2533
9335 4284
4152 2050
5863 9318
2345 7905
5392 3095
1292 8759
834 3771
7756 2557
1724 5343
7478 6329
6735 8710
8440 2758
4605 6923
4326 2056
9478 365
4589 8813
4649 9820
862 1590
9137 4286
9496 5607
7381 1866
4366 9294
6716 2121
2930 9519
8543 1486
5847 5277
195 5366
9114 4800
2288 3440
7935 2844
4884 2523
2735 611
3421 3597
2202 2557
8963 1697
8165 7422
4642 3609
6716 1357
5730 9646
875 5352
1131 6723
1707 2405
3167 821
8285 5455
5340 6219
9378 223
9822 2113
834 3242
6789 3036
6879 5751
5812 5043
3173 453
9731 967
2889 5460
612 3765
1890 2822
1566 3598
6306 4733
4419 4590
1266 837
1888 643
1060 2788
3835 2973
7109 624
7089 3987
6375 2900
108 626
4433 9839
1593 7322
6378 3284
1086 8268
6106 3731
1865 2412
9543 7363
8081 808
8200 1047
2531 338
3835 6366
4391 944
6990 1479
4931 4444
4379 5040
5070 8812
4878 6664
6134 2334
9948 8299
602 7133
2030 2467
623 1572
909 9783
3460 9109
830 7070
526 4665
3435 4917
6688 1504
7475 1619
7027 1853
7738 3175
1744 3694
917 8957
6029 1944
7255 6631
9077 363
176 778
3015 1085
560 6475
1273 2469
4623 2878
7135 9137
8874 3822
640 6348
6520 8746
9280 5336
1921 1023
9031 2838
9980 5059
4782 8314
2768 4937
8677 4023
5715 1691
5109 7355
9245 7461
9824 3867
338 8037
3004 290
2938 4723
6638 9458
3469 5917
4794 6469
6941 4903
9307 7999
1040 4089
6312 3808
104 6068
7831 5820
7759 4018
4253 8083
1478 4076
1949 2895
2113 6032
3185 6130
755 901
6666 5303
6819 2538
1771 4838
7441 2156
2836 8481
6245 227
3367 7429
6295 1198
4327 5132
6295 8580
4293 7774
2655 6243
1747 5847
3353 6012
3055 5187
6913 9722
489 4810
2259 3339
726 9701
5496 4642
9260 2819
4869 2627
247 2242
3825 4574
8453 119
3153 2746
8972 6888
67 1798
3813 3420
8889 6869
8608 6880
6590 175
1690 8849
3515 2416
9628 9011
7058 8888
1829 3005
1514 3156
5247 6418
7730 4779
6537 1962
7525 6588
8850 7592
9465 2662
2090 8353
9531 1776
5232 7199
1952 8001
6048 6546
1496 5675
5556 8554
4562 8464
2638 6076
2698 8964
2493 428
3742 109
2390 1266
7776 2318
9937 8319
6059 2027
7750 6669
3803 4060
3867 6834
2061 9915
3379 3557
6669 13
3189 2309
8478 6906
9465 1175
5870 1957
2682 9612
3145 6151
1957 1999
9548 1893
317 5607
4999 9146
2275 9882
3206 6142
7794 5267
7136 1173
9903 3804
1186 4170
7192 742
1076 6656
2997 6946
9693 6758
7636 3916
3988 9593
5916 3535
2565 7312
9142 8643
6458 1416
8524 742
8638 6318
7088 5773
8570 8069
655 834
2238 8926
1577 4393
5582 5653
2417 5274
2410 1132
9190 6398
724 6184
1012 4368
4575 153
3011 1032
2649 2613
2853 1286
9 9941
8138 8579
8009 9872
9414 1325
8797 2069
5719 4378
8801 9215
730 2289
346 9921
9767 1071
7183 778
6518 1757
931 607
3868 4659
3221 6721
5945 3230
6661 5161
2888 5748
5032 3380
7074 4908
5449 2792
9286 4249
2006 1095
6538 2353
2094 6304
4503 9277
8161 2099
1034 9093
2707 5981
3751 5928
2702 775
236 441
5936 4203
7269 2047
7583 4342
6955 4110
8213 7319
9438 1297
8414 5976
4729 507
3358 9232
863 1519
2410 2976
1690 5117
8957 6520
1044 2737
7295 2359
4258 4310
6563 1526
7436 5224
6947 4390
9335 5159
2787 8772
6456 2280
5826 1185
3866 263
1495 4729
2861 3905
7705 4551
100 7741
2149 2223
1556 9445
4583 6893
4833 2224
8419 2268
8527 6444
7737 7861
1602 523
7712 9138
2803 4616
1401 6670
4879 3975
2477 7740
7881 1261
3369 7981
9002 5519
204 1636
6042 5866
8530 1953
9169 8027
4221 7695
4471 1957
6635 6073
3559 4346
6289 6363
8962 7690
4111 3841
1665 6588
2659 624
8928 7108
8605 9008
3705 9888
644 825
6832 9174
2778 7079
7200 8078
4774 1670
34 1408
8823 3593
5754 5111
1034 5794
2801 6224
713 4466
2812 4452
6169 2818
1559 5852
1826 6343
6819 2470
8247 3650
2722 1024
729 9922
9102 6582
2671 214
7990 2572
4886 4822
7683 5921
615 1562
2144 1329
7107 6035
5781 3275
8854 8419
9128 1758
5840 5946
4228 4086
674 6950
6189 1403
7950 6369
7985 1699
6583 7053
4271 1468
1874 3033
8468 2490
4595 1691
4898 1702
7726 678
6056 7658
175 5183
9416 6015
1128 4722
100 2882
2750 6289
4285 1779
2657 3349
3478 318
401 8829
2865 3355
1861 2412
6924 7535
4103 1821
9237 2907
3578 6372
1644 3753
1554 2138
846 3762
6861 946
6644 689
8314 2007
2468 2049
6435 7026
3446 7916
5854 6311
1270 8794
9802 8194
6328 3904
1093 6644
6812 4671
3015 9535
9503 5648
1672 348
488 8533
2373 8211
9223 1765
218 2769
4893 6653
9795 8339
4568 6727
5728 6917
5520 5530
6189 2927
512 7282
649 7324
19 166
430 233
107 398
166 3
211 55
326 429
262 159
14 368
478 117
430 84
262 340
173 388
160 290
429 280
46 401
489 494
94 220
117 34
399 309
107 402
