100
9765 3510
851 3692
2163 7240
3248 1281
4758 2713
2018 4773
8558 6768
4217 2925
6065 3996
7405 7849
3591 4755
8640 8665
3544 8747
5470 3510
1834 7773
1398 1598
2362 2249
5291 4525
9489 9618
6885 4246
3410 9982
97 1967
7828 5394
5971 3892
9390 4454
1741 4059
288 1459
3802 4911
1284 9272
8421 3118
8124 9819
5795 485
3147 2164
6089 2635
2861 4052
7961 6271
4033 9137
9317 1860
4530 6366
5752 4999
1899 8572
136 2187
1109 3939
7098 2393
4289 6597
6590 2412
7494 3464
3976 640
6707 64
4355 9568
4116 2315
6917 8149
2530 6233
1087 8140
3678 7919
3138 5577
6490 3274
8843 8679
8292 5940
1071 2581
3615 8741
6072 1108
3283 48
1749 9990
1191 6104
9558 6387
9498 6474
5614 3106
3786 6702
1245 8543
4620 5462
4119 2188
9816 4040
866 8107
1058 3017
1766 4673
1757 8918
5781 5040
8966 8609
6108 1235
4712 5665
7622 5288
3218 3236
8395 8083
9938 9640
7704 5636
6181 2901
7824 5996
6941 9770
5181 7999
2786 8027
2671 5622
6944 9531
1740 6988
8140 7848
8223 3930
4592 5845
9219 8889
159 7613
6971 1175
61 99
26 27
15 51
51 60
1 79
27 29
58 11
46 77
27 28
93 30
61 74
55 63
30 90
52 8
21 56
6 85
75 64
77 10
19 87
51 43
94 38
95 41
93 69
84 4
11 17
24 0
65 2
38 54
45 16
36 42
59 35
23 39
95 44
48 89
49 53
26 73
65 57
94 22
8 33
50 34
67 76
14 91
81 66
34 40
67 62
98 3
7 88
14 68
11 83
71 25
