170071
0 308
308 205
205 291
291 199
199 314
314 421
421 160
290 190
160 226
308 375
375 457
375 212
212 362
362 47
47 76
190 14
14 57
368 288
368 61
61 249
249 377
377 353
353 296
296 203
205 470
470 166
3 240
3 277
470 124
240 239
239 236
236 408
236 363
363 430
233 332
84 135
430 312
124 247
247 246
246 449
449 32
32 206
206 123
32 361
123 140
140 465
465 109
140 155
155 101
155 379
379 282
109 471
379 476
233 402
398 198
109 174
174 364
364 129
101 317
363 384
384 303
361 227
227 96
227 461
461 464
199 472
472 74
74 122
61 338
338 197
197 484
338 11
484 369
369 354
354 132
132 8
76 222
222 424
424 37
424 259
222 56
56 207
56 343
343 425
425 406
406 389
389 108
108 483
483 293
207 46
401 9
9 403
403 258
258 479
479 441
441 396
441 38
38 112
112 248
38 309
399 220
309 496
94 455
455 42
220 204
94 284
248 196
196 151
151 492
151 494
494 381
381 80
489 71
71 58
58 391
489 254
71 257
257 60
60 59
401 437
437 304
304 117
478 393
393 20
34 106
20 30
20 27
27 216
106 70
30 214
214 371
371 17
371 263
263 307
391 299
299 413
413 294
294 333
74 115
402 271
271 442
442 23
23 366
442 405
23 49
366 126
49 390
405 51
51 238
238 130
126 149
149 218
49 148
148 433
197 335
335 210
398 404
404 252
404 189
189 141
309 52
464 376
252 6
6 305
303 357
484 125
125 64
64 118
118 418
418 93
207 262
340 68
262 347
262 221
221 459
459 420
340 86
159 443
443 154
154 499
499 498
347 336
336 121
420 281
281 208
208 287
287 223
223 195
195 348
121 224
348 145
145 469
145 272
86 95
224 185
185 388
388 422
173 178
388 193
178 313
238 100
100 274
95 370
370 180
180 394
180 87
87 486
486 456
203 36
36 165
36 427
165 97
97 432
432 75
75 267
267 213
213 352
352 88
352 365
88 163
163 40
40 21
21 446
88 164
164 22
164 147
147 162
162 367
162 105
367 301
367 330
330 250
301 444
444 217
250 90
250 342
342 372
372 66
66 18
66 133
133 497
497 423
372 152
152 269
269 168
168 279
279 24
24 187
133 137
342 426
426 211
55 374
374 265
374 62
62 462
462 119
119 192
119 110
110 316
316 172
316 428
428 349
349 407
407 99
99 54
54 264
264 144
144 431
172 318
428 311
311 266
266 436
436 15
436 341
341 181
181 128
128 386
386 487
147 289
289 329
329 292
292 131
131 65
217 373
137 334
334 438
334 298
298 139
139 200
200 482
329 473
473 474
65 453
453 142
142 143
142 302
211 116
143 392
432 450
450 383
450 79
383 475
475 345
475 397
397 323
397 92
323 102
102 440
440 490
490 53
490 255
255 283
53 322
322 356
356 278
278 328
328 120
283 114
114 2
55 50
50 358
50 315
50 146
474 241
241 275
241 215
438 72
72 339
259 419
70 35
35 260
260 45
45 13
13 184
184 261
261 83
83 150
150 285
83 344
344 89
288 202
202 434
46 310
390 104
487 5
5 331
331 209
209 306
306 411
411 171
171 134
134 350
331 127
411 1
1 435
435 156
156 85
85 360
156 395
395 237
395 416
237 63
63 232
232 39
39 458
458 491
232 326
429 228
228 157
280 91
91 485
429 327
327 319
157 41
41 346
346 167
346 10
167 26
26 488
488 25
488 463
25 191
10 480
480 73
480 242
10 380
380 33
191 378
434 77
77 251
251 270
251 169
270 445
2 253
253 230
230 468
230 16
16 182
182 31
104 337
427 417
417 177
177 186
305 439
439 300
317 235
235 276
276 243
33 273
273 286
139 351
351 324
324 44
324 229
146 448
448 7
448 460
460 467
467 69
69 81
81 400
400 451
451 415
415 452
452 382
382 98
98 67
98 231
231 175
485 359
359 158
357 111
224 161
59 138
284 201
89 297
297 410
277 355
355 103
35 219
219 179
179 78
78 245
245 176
176 412
412 28
28 194
194 225
176 387
198 481
481 493
493 268
268 153
258 495
302 234
95 48
495 29
29 454
454 12
370 183
141 295
60 136
495 256
256 188
403 477
477 447
278 82
82 113
82 170
447 466
466 43
43 414
414 385
439 409
409 325
325 4
493 244
439 320
387 321
